内角改正值       方位角            增量计算值                                   增量改正值                                   坐标                                      
86 10 11       86 19 5        5.181865381252423,80.52544402343011          5.1824487320259935,80.52582780461485         7980.144348732027,8408.332727804614          
90 43 34       357 2 39       109.31337371246565,-5.6443784953547445       109.31416502997327,-5.643857894741297        8089.458513762,8402.688869909873             
283 16 3       100 18 42      -7.8419227917004015,43.10142373436183        -7.841606081071847,43.10163209541277         8081.616907680928,8445.790502005286          
74 14 58       354 33 40      47.15872463765419,-4.490108523177162         47.159067106459595,-4.489883216055224        8128.775974787388,8441.30061878923           
189 56 12      4 29 52        68.60806027816061,5.396894001949606          68.60855780208165,5.397221318426254          8197.384532589469,8446.697840107656          
85 22 29       269 52 21      -0.11156283724196858,-50.13387586984819      -0.11120040096969604,-50.13363742631084      8197.273332188499,8396.564202681346          
173 40 14      263 32 35      -7.787278798935279,-68.80774155505799        -7.786778188081446,-68.80741220771625        8189.4865540004175,8327.75679047363          
107 29 14      191 1 49       -24.693236490936123,-4.8134224417456615      -24.693054614929064,-4.813302787169673       8164.793499385489,8322.94348768646           
165 2 52       176 4 41       -75.25235701974796,5.159147601337941         -75.25181171704757,5.159506351040311         8089.541687668441,8328.1029940375            
184 4 13       180 8 54       -114.58061601468323,-0.29663899898318197     -114.5797876684409,-0.2960940375008972       7974.9619,8327.806899999998                  
闭合差: -22"(限差：31")
x增量和：-0.004949943712077243m  y增量和：-0.0032565230874393447m
导线全长相对闭合差： 1/115559(限差：1/14000)
上述为第2圈数据平差结果
